2557
1/1/1994
4
1900
"Forest","SVeg","Arable","Urban"
1	1	1	1
0	0	0	0
3	3	3	3
1	1	1	1
0	0	0	0
0	0	0	0
0.12	0.1	0.12	0.12
0	0	0	0
Input
0	0	0	0
1	1	1	1
100	100	100	100
0	0	0	0
0	0	0	0
1	1	1	1
1	1	1	1
0	0	0	0
1000	1000	1000	1000
1000	1000	1000	1000
0.2	0.2	0.2	0.2
0	0	0	0
1
0
0
1
DirectRunoff
140	125	125	110
1	1	1	1
100	100	100	100
100	100	100	100
0	0	0	0
5	5	5	5
1	1	1	1
0	0	0	0
1000	1000	1000	1000
1000	1000	1000	1000
0.2	0.2	0.2	0.2
0	0	0	0
0
0
0
0
Soilwater
120	120	120	120
1	1	1	1
100	100	100	100
100	100	100	100
0	0	0	0
5	5	5	5
1	1	1	1
1	1	1	1
1000	1000	1000	1000
1000	1000	1000	1000
0.2	0.2	0.2	0.2
0	0	0	0
0
0
0
1
Groundwater
110	110	110	110
1	1	1	1
100	100	100	100
100	100	100	100
0	0	0	0
50	50	50	50
1	1	1	1
0	0	0	0
1000	1000	1000	1000
1000	1000	1000	1000
0.2	0.2	0.2	0.2
0	0	0	0
0
0
0
0
1
NORHAM
4216
200
144250
10
0.04
0.67
0
1
1.02
0
0
8.4	63.3	27.8	0.5
1
0	1	0	0	
0	0.3	0.7	0	
0	0	0.5	0.5	
0	0	0	1	
2
0	1	0	0	
0	0.3	0.7	0	
0	0	0.5	0.5	
0	0	0	1	
3
0	1	0	0	
0	0.3	0.7	0	
0	0	0.5	0.5	
0	0	0	1	
4
0	1	0	0	
0	0.5	0.5	0	
0	0	0.5	0.5	
0	0	0	1	
