2557
1/1/1994
4
1900
"Forest","SVeg","Arable","Urban"
1	1	1	1
0	0	0	0
3	3	3	3
1	1	1	1
0	0	0	0
0	0	0	0
0.11	0.09	0.12	0.12
0	0	0	0
Input
0	0	0	0
1	1	1	1
100	100	100	100
0	0	0	0
0	0	0	0
1	1	1	1
1	1	1	1
0	0	0	0
1000	1000	1000	1000
1000	1000	1000	1000
0.2	0.2	0.2	0.2
0	0	0	0
1
0
0
1
DirectRunoff
140	125	125	110
1	1	1	1
100	100	100	100
100	100	100	100
0	0	0	0
5	2.5	5	5
1	1	1	1
0	0	0	0
1000	1000	1000	1000
1000	1000	1000	1000
0.2	0.2	0.2	0.2
0	0	0	0
0
0
0
0
Soilwater
120	120	120	120
1	1	1	1
100	100	100	100
100	100	100	100
0	0	0	0
5	5	5	5
1	1	1	1
1	1	1	1
1000	1000	1000	1000
1000	1000	1000	1000
0.2	0.2	0.2	0.2
0	0	0	0
0
0
0
1
Groundwater
110	110	110	110
1	1	1	1
100	100	100	100
100	100	100	100
0	0	0	0
50	50	50	50
1	1	1	1
0	0	0	0
1000	1000	1000	1000
1000	1000	1000	1000
0.2	0.2	0.2	0.2
0	0	0	0
0
0
0
0
23
SOURCE
21
0.1
7000
10
0.2
0.67
0
1.4
1.4
0
0
24	76	0	0
FRUID
27
0.1
7000
10
0.2
0.67
0
1.4
1.4
0
0
22	78	0	0
KINGLEDORES
87
10
7000
10
0.2
0.67
0
1.4
1.4
0
0
14	86	0	0
DRUMELZIER
38
100
7500
10
0.04
0.67
0
1.2
1.2
0
0
0	100	0	0
STOBO
159
110
6000
10
0.04
0.67
0
1.2
1.2
0
0
3	92	5	0
LYNEFORD
15
110
4500
10
0.04
0.67
0
1.2
1.2
0
0
0	93	7	0
SCOTSMILL
344
110
8750
10
0.04
0.67
0
1
1
0
0
6	90	3	1
TRAQUAIR
87
120
8500
10
0.04
0.67
0
1
1
0
0
21	74	5	0
JUNIPER
83
120
6000
10
0.04
0.67
0
1
1
0
0.01
33	64	2	1
PEEL
37
120
6500
10
0.04
0.67
0
1
1
0
0
13	82	4	1
OLDTWEEDBR.
50
125
7000
10
0.04
0.67
0
1
1
0
0
16	76	8	0
BOLESIDE
471
130
1500
10
0.04
0.67
0
1
1
0
0.095
15	85	0	0
GALAFOOT
4
130
2500
10
0.04
0.67
0
1
1
0
0
0	75	25	0
LOWOOD
254
135
2500
10
0.04
0.67
0
1
1
0
0.1
1	88	9	2
LEADERFOOT
17
140
6500
10
0.04
0.67
0
1
1
0.01
0
6	17	65	12
MERTOUN
308
140
8500
10
0.04
0.67
0
1
1
0
0.004
1	56	43	0
RUTHERFORD
43
140
7000
10
0.04
0.67
0
1
1
0
0.004
0	9	91	0
UPPERFLOORS
27
140
7500
10
0.04
0.67
0
1
1
0
0
0	7	93	0
SPROUSTON
1139
150
6500
10
0.04
0.67
0
1
1
0
0.025
13	58	28	1
HOMEBANK
159
160
8000
10
0.04
0.67
0
1
1
0
0
0	16	84	0
COLDSTREAM
179
180
8000
10
0.04
0.67
0
1
1
0
0
0	4	96	0
ST.CUTHBERT'S
9
180
4000
10
0.04
0.67
0
1
1
0
0
0	0	100	0
NORHAM
658
200
6000
10
0.04
0.67
0
1
1
0
0
3	55	42	0
1
0	1	0	0	
0	0.3	0.7	0	
0	0	0.5	0.5	
0	0	0	1	
2
0	1	0	0	
0	0.3	0.7	0	
0	0	0.5	0.5	
0	0	0	1	
3
0	1	0	0	
0	0.3	0.7	0	
0	0	0.5	0.5	
0	0	0	1	
4
0	1	0	0	
0	0.5	0.5	0	
0	0	0.5	0.5	
0	0	0	1	
