0	0	-1.1	8.7
0	3.50251	1.1	0.204
0	13.1585	1.5	8.67
0	0	-0.9	0.1
0	0	-0.7	26.1
0	10.6006	1.8	5.202
0	5.802	1.9	0.102
0	0	-0.1	0.6
0	11.076	2.4	3.876
0	8.202	2.7	0.102
0	5.788	1.8	4.488
0	8.874	4.3	8.874
0	13.362	3.9	13.362
0	1.122	4.1	1.122
0	0	0.6	0
0	0	0	0.7
0	3.862	1.1	3.162
0	2.04	2.2	2.04
0	0.102	3.4	0.102
0	0.102	5.1	0.102
0	0	8.5	0
0	4.692	5	4.692
0	0.204	3.1	0.204
0	4.182	5.5	4.182
0	6.12	4.1	6.12
0	7.854	4.2	7.854
0	1.224	3.4	1.224
0	0.306	1.7	0.306
0	2.55	3.9	2.55
0	0.306	3.9	0.306
0	6.426	4.7	6.426
0	10.506	4.9	10.506
0	0	1.9	0
0	6.732	0.9	6.732
0	0.102	3.3	0.102
0	2.142	3.3	2.142
0	0.714	2.7	0.714
0	0.102	1.3	0.102
0	2.244	2.5	2.244
0	0	4.5	0
0	0	2	0
0	0	2.5	0
0	0	3.1	0
0	0	-0.1	0
0	0	-0.4	0.2
0	0	-0.2	1.2
0	0	-0.3	0.1
0	0	-1.4	0
0	1.5	0.5	0
0	0	-0.7	0
0	0	-0.1	1.2
0	0	-1.8	3.1
0	0	-2.1	0.1
0	0	-1.7	4.1
0	2.44447	1.8	0
0	0	-1	20.7
0	2.52733	0.7	16.626
0	14.6295	2	20.808
0	6.822	1.9	1.122
0	7.8	2.6	0
0	8.932	3.8	6.732
0	0.612	4.2	0.612
0	12.75	5.2	12.75
0	5.304	5.7	5.304
0	0.306	5.6	0.306
0	1.224	7.8	1.224
0	4.59	9.3	4.59
0	1.02	5.4	1.02
0	1.326	4.6	1.326
0	2.55	4.5	2.55
0	6.732	4.3	6.732
0	2.652	6.1	2.652
0	0.51	7	0.51
0	4.896	3.9	4.896
0	3.162	2	3.162
0	0.204	3.1	0.204
0	0.102	3.8	0.102
0	0.102	3.7	0.102
0	0.306	2.3	0.306
0	1.326	3.7	1.326
0	7.06322	6.3	8.058
0	11.016	9	11.016
0	0.714	5.1	0.714
0	0.204	6.9	0.204
0	0	4.4	0
0	3.264	2.7	3.264
0	6.222	6.5	6.222
0	2.448	6.9	2.448
0	10.404	5.6	10.404
0	4.794	5.4	4.794
0	0.306	6.3	0.306
0	0.102	4.1	0.102
0	3.876	3.9	3.876
0	0.102	2.9	0.102
0	1.326	3.7	1.326
0	6.222	4.5	6.222
0	2.652	3.1	2.652
0	3.468	2.3	3.468
0	3.06	2.6	3.06
0	0	5.3	0
0	0.51	3.4	0.51
0	0	7.2	0
0	0	5.7	0
0	0	5.7	0
0	0	5.2	0
0	2.55	5.1	2.55
0	0	6.5	0
0	0.204	4.7	0.204
0	0	7.5	0
0	0	6.5	0
0	10.3653	3.9	10.812
0	3.162	7.8	3.162
0	10.302	8.5	10.302
0	2.04	9.5	2.04
0	4.182	5.8	4.182
0	0.102	7.5	0.102
0	0	11.5	0
0	0.102	10.7	0.102
0	0.204	10.9	0.204
0	0	10.4	0
0	0.408	9.4	0.408
0	5.508	10.7	5.508
0	4.692	8.7	4.692
0	0.816	8.5	0.816
0	1.632	7.6	1.632
0	0.408	8.5	0.408
0	0	9.3	0
0	0.102	7.7	0.102
0	0	7.8	0
0	0	9.5	0
0.616278	0	11.5	0
1.7331	0	13.5	0
2.62385	0	10.9	0
3.59762	0	11.3	0
4.16574	0	7.1	0
4.84505	0	7.9	0
5.36585	0.408	6.7	0.408
5.85449	0	6.1	0
6.18406	0	4.3	0
6.81277	0.306	7.5	0.306
7.60157	0	8.9	0
8.4822	0	9.7	0
9.31074	0	9.1	0
10.0175	0	7.8	0
10.7769	0	8.3	0
11.289	0	5.7	0
11.8425	0	6.1	0
12.6245	0	8.5	0
13.5441	0	10	0
14.4848	0	10.3	0
15.5461	0	11.7	0
16.7137	0	13	0
16.9825	3.70979	11.3	5.304
17.3447	1.02	12.3	1.02
17.6098	0.306	10.1	0.306
18.0015	0.102	10.3	0.102
18.6723	0.102	12.5	0.102
19.4106	0	12.4	0
19.903	0.51	9.7	0.51
20.3416	1.224	10.3	1.224
20.9927	0	11.8	0
21.7319	0	12.1	0
22.6864	0	14.1	0
23.8707	0	16.5	0
24.7436	0	12.5	0
25.2211	0.500533	11.4	2.346
24.591	0.954939	10.8	8.262
24.0062	1.83338	11.4	2.244
23.6557	0.714	11.7	0.714
23.7685	0	14.1	0
23.8511	0.752736	14.3	1.836
23.5166	1.49594	12.6	3.57
23.3724	0.204	11.9	0.204
23.3193	0.612	11.3	0.612
23.1737	2.16427	16.1	4.998
22.8388	3.468	16	3.468
22.5091	0.204	12.4	0.204
22.7316	0	15.7	0
23.3162	0	17.5	0
23.789	0	14.2	0
24.3518	0	13.7	0
25.147	0	15.3	0
25.8084	0	12.7	0
26.7122	0.381278	16.2	0.714
27.3663	0.934594	16	2.142
28.0897	0	15.5	0
28.6808	1.122	14.7	1.122
29.4391	0	15.6	0
30.3161	0	16.2	0
30.9165	0.35379	13.1	0.714
31.451	1.90082	15.1	2.04
32.145	0.102	16	0.102
32.946	0.306	16.9	0.306
33.7163	0	15.5	0
34.3013	0.816	13.7	0.816
35.011	0	14.5	0
35.75	0	14.2	0
36.472	0	13.4	0
37.1957	0	13	0
38.0549	0	14.7	0
39.1029	0.202894	17.8	0.204
39.4337	1.13263	15.1	3.978
39.7719	0	13.3	0
40.3387	0	15.3	0
40.7714	0.365825	14.9	1.326
41.1335	1.28117	16.9	2.142
41.5409	0.51	16.6	0.51
41.9737	0	15.1	0
42.4637	0	14.5	0
43.0213	0	14.4	0
42.4469	0.815446	16.5	9.588
40.6325	3.35227	19.8	12.954
39.3223	0.204	18.1	0.204
38.4339	0.204	17.1	0.204
37.4033	3.468	15.9	3.468
36.7871	1.734	19.1	1.734
36.327	0	15.7	0
36.0813	0	14.3	0
36.0273	0	13.5	0
36.321	0	15.7	0
36.4884	0.714	13.1	0.714
36.6945	0.204	12	0.204
37.0669	0	12.7	0
37.4969	0.102	12.4	0.102
37.8207	0	9.7	0
38.2522	0	10.4	0
38.9155	0	13.2	0
39.0846	0.295147	9.9	2.244
39.5261	0.27655	13.5	0.408
39.2932	0.501535	11.2	4.386
39.3346	0.445905	13.5	0.51
39.2973	0.861488	13.2	1.632
39.4452	0	13.3	0
36.1795	1.83156	11.7	24.99
33.5235	1.65738	14.1	2.958
30.2059	1.94504	12.9	9.69
27.3683	1.81082	13.2	3.162
24.837	3.672	13.3	3.672
22.7223	0.714	10.5	0.714
20.8169	3.06	10.7	3.06
19.6085	0.408	12.7	0.408
18.8466	0	12.4	0
18.2218	0	9.7	0
18.2154	0	13.3	0
18.2835	0	11.5	0
17.7878	0.99607	11.3	5.304
17.6501	0.306	12.4	0.306
17.4681	0.578967	11.5	1.53
16.6698	1.10073	9.8	5.1
16.1638	0.612	10.2	0.612
16.0034	0.306	11.3	0.306
15.3994	0.616349	7.7	2.55
14.8906	0.631801	9.1	2.142
14.6338	0.631686	11.8	1.938
13.6282	1.69497	10.7	6.63
12.9974	0.306	10.8	0.306
12.44	0.306	8.5	0.306
11.3769	2.16277	9.8	6.528
10.6393	0.102	9.1	0.102
10.306	0	9.9	0
10.0643	0.51	8.9	0.51
8.99783	1.65618	9.9	8.262
7.99654	2.958	10.5	2.958
7.6707	0	13.1	0
7.53194	0	11.7	0
7.75311	0	12.7	0
7.64733	0.816	8.5	0.816
7.86027	0	9.8	0
8.31069	0	10.7	0
8.95499	0	11.5	0
9.39478	0	8.5	0
10.3347	0	12.9	0
10.8888	0.357841	13.5	3.57
11.0081	0.409334	10.3	1.938
9.85827	3.78165	11.3	11.118
8.51937	0	4.7	0
7.30421	1.02	3.7	1.02
6.69351	0.408	7.1	0.408
6.67237	0	10.3	0
7.094	0.204	12.9	0.204
7.36273	0	9.7	0
7.68767	0	8.9	0
8.15016	0	9.2	0
8.70665	0	9.3	0
9.42627	0	10.3	0
10.1171	0	9.5	0
10.9136	0	10.2	0
11.3842	0.669176	9.6	2.142
11.6441	0	6.5	0
11.9163	0	5.9	0
12.1305	0	4.7	0
10.7466	0.913452	7.1	13.464
9.17562	1.12196	10	6.426
7.40396	1.15974	8.7	4.284
4.40635	6.83018	10.3	14.28
2.59324	0.102	11.3	0.102
1.18845	0.102	7.2	0.102
0.243435	1.938	8.1	1.938
0	0.408	6.5	0.408
0	0	5.5	0
0	0	7.3	0
0	1.09182	3.8	4.692
0	3.26794	7.2	6.834
0	0.408	8.7	0.408
0	0	8.3	0
0	1.50904	3.7	5.304
0	1.0596	6.7	1.122
0	4.36275	10.2	8.976
0	1.224	7.1	1.224
0	0	7	0
0	0.51	4.3	0.51
0	1.54665	5.9	5.406
0	2.15445	9.5	11.118
0	2.13885	8.8	2.958
0	2.31275	8.5	5.61
0	3.01593	8.7	12.954
0	16.6913	10.1	19.074
0	11.628	9.3	11.628
0	1.326	8.4	1.326
0	7.65	6.7	7.65
0	6.834	5.9	6.834
0	8.772	8.5	8.772
0	1.428	8.3	1.428
0	1.122	8.7	1.122
0	0	7.5	0
0	0.306	7.9	0.306
0	0	12.1	0
0	0	7.5	0
0	0	7.2	0
0	0	11.3	0
0	0	10.1	0
0	0	5.9	0
0	0	1.7	0
0	0	0.5	0
0	0	3.3	0
0	1.12563	6.7	4.59
0	1.26204	6.5	3.57
0	1.594	3.7	5.814
0	1.91659	3.5	5.916
0	2.41103	4.3	8.67
0	19.0464	3.5	31.008
0	1.122	3.5	1.122
0	0.714	6.1	0.714
0	15.606	9.3	15.606
0	15.198	11.5	15.198
0	0.102	9.7	0.102
0	0	5.7	0
0	0	-0.8	0
0	0.408	2.3	0.408
0	1.326	4.5	1.326
0	8.874	5.7	8.874
0	3.774	3.3	3.774
0	0.306	2.4	0.306
0	0	1.7	0
0	0	-0.9	0
0	0	-0.5	0
0	0.102	1.2	0.102
0	0	6.5	0
0	1.96032	5.4	3.162
0	2.65342	3.5	5.508
0	6.84687	1	7.344
0	5.61	5.3	5.61
0	14.688	4.5	14.688
0	2.958	5.1	2.958
0	0.408	1.3	0.408
0	0	-1.6	0.4
0	0	-1.6	0
0	0	-3.5	0
0	0	-0.6	2.6
0	4.122	4.5	1.122
0	2.244	4.3	2.244
0	0.816	4.3	0.816
0	0.612	5.1	0.612
0	0.612	6.7	0.612
0	6.732	3.9	6.732
0	0	0.3	0
0	0.918	2.3	0.918
0	0.204	3.7	0.204
0	0.204	7	0.204
0	1.224	3.1	1.224
0	1.83835	3.7	5.508
0	2.43884	2.5	9.792
0	2.55413	1.7	3.57
0	8.40005	1.1	9.996
0	0.612	1.8	0.612
0	11.322	1.5	11.322
0	1.02	2.7	1.02
0	0.102	2.9	0.102
0	0	3.8	0
0	6.936	0.7	6.936
0	0	-0.1	0
0	7.854	0.5	7.854
0	2.346	1	2.346
0	2.04	2.3	2.04
0	15.402	1.5	15.402
0	9.18	1.9	9.18
0	0.51	5.5	0.51
0	4.284	3.1	4.284
0	0.306	4.4	0.306
0	0	6.9	0
0	0.306	7.1	0.306
0	0.102	9.3	0.102
0	0	5.1	0
0	0	-0.1	0.1
0	0	-3.1	0.8
0	0	-2.3	4.4
0	7.36882	3.7	5.406
0	3.36242	4.5	3.366
0	3.978	4.5	3.978
0	5.712	5.7	5.712
0	0.918	5.7	0.918
0	1.122	4.7	1.122
0	0.306	4.3	0.306
0	9.36772	4.2	9.384
0	5.202	4.7	5.202
0	7.14	3.1	7.14
0	9.588	3	9.588
0	6.12	3.7	6.12
0	0.204	3.9	0.204
0	0.204	1.9	0.204
0	0	3.1	0
0	0.102	1	0.102
0	0.204	4.7	0.204
0	9.282	7.3	9.282
0	0.51	2	0.51
0	0.102	0.9	0.102
0	0	-1.5	0
0	0	-1.5	11
0	6.72	1.9	1.02
0	7.034	2.5	1.734
0	2.55	1.1	2.55
0	0.204	1.1	0.204
0	0.816	3.1	0.816
0	5.508	5.5	5.508
0	0.306	7.3	0.306
0	0	3.5	0
0	0.408	6.8	0.408
0	6.834	6.1	6.834
0	1.02	1.1	1.02
0	4.488	2.1	4.488
0	2.856	4.1	2.856
0	1.428	3	1.428
0	0	2.9	0
0	0	2.3	0
0	0	2.9	0
0	0.102	5.3	0.102
0	0.612	7.5	0.612
0	1.428	7.4	1.428
0	1.326	5.1	1.326
0	8.874	6.7	8.874
0	1.53	1.4	1.53
0	2.856	0.1	2.856
0	1.224	1.7	1.224
0	0.408	6	0.408
0	0	9.5	0
0	0	10.8	0
0	0	10.9	0
0	1.224	9.9	1.224
0	0.306	5.7	0.306
0	0.102	7.6	0.102
0.366843	0	10.1	0
1.21136	0	10.9	0
1.47387	0	4.9	0
1.65144	1.428	5.5	1.428
2.52268	0	11.3	0
3.34947	0.102	10.5	0.102
3.9821	0	8.2	0
4.86926	0	10.3	0
5.67907	0	9.3	0
6.5389	0	9.6	0
7.24744	0.102	8.1	0.102
6.74674	3.47675	7.6	8.466
5.95312	0.816	3.3	0.816
5.32805	0.204	3	0.204
5.02348	0	4.3	0
4.95285	0.204	5.4	0.204
3.55542	7.18873	3.3	8.874
2.88913	1.122	8.4	1.122
2.26493	0.204	6.1	0.204
2.00239	0.306	7.5	0.306
1.73202	0.51	6.1	0.51
1.42252	0	4	0
1.30566	0.204	4.7	0.204
1.27372	0	4.3	0
1.75947	0	8.3	0
2.91257	0	13.9	0
4.08953	0	13.7	0
5.52525	0	15.9	0
6.61955	1.08534	14.6	1.632
7.72305	0	14.1	0
8.21667	1.09656	11.9	3.162
8.83201	0.204	12.1	0.204
8.94308	0.780235	10.9	3.57
8.39699	3.13079	7.9	3.978
8.01954	0	6.9	0
7.34729	1.224	3.5	1.224
6.95013	0.51	4.9	0.51
6.67146	0	4.3	0
6.72237	0.102	6.3	0.102
6.80835	0	5.5	0
6.73513	0.501756	3.7	0.51
6.70606	0.567824	5.8	1.836
6.15115	2.15295	5	4.08
6.01091	0.306	7.4	0.306
6.22697	0.102	9.3	0.102
6.51406	0	8.6	0
7.03228	0.953026	11.6	1.326
7.78847	0.102	12.9	0.102
7.15707	0.96417	9.9	8.568
6.78801	0.935555	11.9	1.938
6.43035	0.936273	12.1	2.346
5.34423	1.32276	13.7	8.772
4.19368	2.43843	13.2	3.774
3.50057	0	12.7	0
3.01297	1.0351	13.1	1.734
2.5478	0.983295	11.4	1.53
2.29729	0.951849	11.3	1.122
2.28184	0.803555	11.7	0.816
2.38237	0.760409	11.5	0.816
1.56164	5.00721	10.7	8.568
1.05908	0.51	9.7	0.51
1.12479	0.306	12.3	0.306
1.19366	1.02	11.1	1.02
1.34508	0	9.7	0
1.91265	0	12.5	0
2.22952	0.612	9.8	0.612
2.74037	0.612	11.5	0.612
3.31308	0	10.8	0
4.00196	0	10.9	0
4.96632	0	12.8	0
5.86504	0	11.6	0
6.59279	0.49956	10.3	0.612
7.66078	0.102	13.3	0.102
8.45809	0.336005	11.9	1.224
8.93292	3.80815	14.1	4.386
9.69936	0	15.3	0
10.3257	0	12.5	0
11.4066	0	16.1	0
12.371	0	14.1	0
13.5641	0	15.9	0
14.8238	0	16.2	0
16.045	0	15.5	0
17.3376	0	16.1	0
18.6204	0	15.9	0
20.097	0	18.1	0
21.2395	0	14.3	0
22.2706	0	13	0
22.6822	0.956857	11.5	3.57
23.2886	0	12.6	0
24.1298	0	14.5	0
24.624	0.297873	11.1	0.918
25.3797	1.43837	16.7	1.938
26.1191	0	15.2	0
26.8218	0	13.7	0
27.6758	0	14.8	0
28.5611	0	14.6	0
28.916	1.33149	17.1	5.508
29.5307	0	18.1	0
30.0575	0	15.1	0
29.5215	0.842341	15.5	8.772
28.4309	1.07124	14.9	6.222
27.4671	0.976686	13.7	1.734
26.455	1.88557	15.1	4.182
25.9924	0.816	17.7	0.816
25.8685	0	17.2	0
25.4327	4.94319	18.3	5.1
25.0572	0	14.3	0
24.9435	0.102	13.9	0.102
24.9065	1.53	14.4	1.53
25.0674	0	13.9	0
25.901	0	19.9	0
26.6529	0	17.2	0
27.7566	0	20.3	0
28.5937	0.102	16.1	0.102
29.7417	0	19.3	0
30.9452	0	19.5	0
32.2118	0	20	0
33.4561	0	19.5	0
34.9276	0	22.6	0
35.9242	0	15.9	0
36.8977	0	15.5	0
37.8584	0	15.3	0
38.7705	0	14.6	0
39.7053	0	15	0
40.5694	0	14	0
41.5858	0	16.5	0
42.6395	0	17.3	0
43.7391	0	18.3	0
44.7688	0.204	17.9	0.204
45.6459	0	15.5	0
46.55	0	16.1	0
47.6145	0	19.1	0
48.6058	0	18.1	0
49.6141	0	18.7	0
50.7122	0	20.7	0
51.7776	0	20.5	0
52.7907	0	19.9	0
53.8036	0	20.3	0
54.4474	0.315798	18.9	2.04
54.9405	0	14.9	0
54.1715	0.658304	13.3	8.874
52.9134	0.933729	15.9	6.63
50.6782	1.50612	13.2	9.18
48.8887	0.918	12.5	0.918
47.1873	2.50035	12.2	2.958
45.9093	0.816	12.9	0.816
45.1564	0	14.7	0
44.801	0	15.8	0
44.1419	0.688052	14.1	3.366
43.3555	0.704583	12.5	2.448
42.4508	0.779076	13.2	3.468
40.1399	1.37275	12.3	12.342
37.7869	1.36861	11.1	4.386
35.5368	1.4143	13.7	5.202
31.5962	2.50598	13.2	16.83
28.2899	3.57	14.5	3.57
25.695	1.02	13.6	1.02
23.7418	0.714	13.3	0.714
21.9542	3.672	13.8	3.672
20.7494	0	13.5	0
20.0104	0	13.3	0
19.5416	0	12	0
19.4385	0	12.7	0
19.3811	0.487274	11.6	0.714
19.4695	0.450631	12.3	0.918
19.5979	1.41429	14.1	2.244
19.8228	0.102	12.9	0.102
20.1518	0	12.1	0
20.6692	0	12.7	0
21.2873	0.246298	13.3	0.408
19.4552	1.39701	11.7	17.442
17.976	0.918	10.5	0.918
16.5575	0.997717	9.3	2.346
15.2654	3.02732	11.2	3.672
14.0954	0	7.4	0
13.116	0	5.4	0
12.6064	0	7.2	0
12.1811	0.583155	9.3	2.55
11.8032	0.605382	10.3	2.244
9.64278	1.4766	12.5	16.422
7.5234	2.18761	12.7	4.896
5.96017	0.51	12	0.51
4.1984	1.33886	11.8	5.61
2.59001	3.51618	11.7	4.896
1.57345	1.938	12.7	1.938
1.29361	0	14.3	0
1.20233	0.51	12.7	0.51
1.21753	0	10.5	0
1.27924	0.789116	10.1	1.224
0.0579386	6.09092	12.6	14.178
0	0.102	13.1	0.102
0	0	13.9	0
0	0.51	13.9	0.51
0.241282	0	12.9	0
0.940462	0.306	14.7	0.306
1.34699	0.102	10.7	0.102
1.80359	0.488236	11.8	1.224
1.85472	0.46231	7.6	0.918
1.80567	0.422582	5.7	0.51
1.407	1.05451	7.2	5.1
1.80399	0.204	13.1	0.204
0.449942	1.46397	12.1	14.79
0	9.36034	8.7	14.586
0	4.896	9.9	4.896
0	1.122	7.1	1.122
0	0.204	7.3	0.204
0	1.224	4.9	1.224
0	0.816	8.9	0.816
0	2.652	10.1	2.652
0	0	9.4	0
0	0	6.9	0
0	0.102	3.7	0.102
0	0	2.1	0
0	0	2.6	0
0	1.94164	6.5	2.346
0	0.102	10.1	0.102
0	0.612	11.3	0.612
0	0.102	3.7	0.102
0	0.685001	3.6	2.958
0	4.65351	6.3	15.912
0	0.102	9.3	0.102
0	0	9.9	0
0	1.6658	7	5.814
0	19.0287	5.9	25.908
0	0.204	2.3	0.204
0	0.102	1.8	0.102
0	0	1.9	0
0	0	5.9	0
0	0.612	4.3	0.612
0	0.612	6	0.612
0	0	9.3	0
0	3.75097	8.9	5.1
0	2.91881	10.7	3.366
0	8.35047	6.6	8.364
0	0.51	4	0.51
0	1.632	3.6	1.632
0	1.122	6.4	1.122
0	0.102	7.2	0.102
0	0	6.9	0
0	0.102	5.5	0.102
0	0.204	7.7	0.204
0	3.35338	8.5	3.468
0	1.12011	5.8	1.122
0	2.13545	1.9	2.142
0	5.71003	1.7	5.712
0	0.408	0.7	0.408
0	0	-3.4	0
0	0.102	0.5	0.102
0	0.102	5.1	0.102
0	0	-0.3	0.2
0	0.709492	2.7	0.51
0	1.22134	1.9	1.224
0	0.51	4.3	0.51
0	1.32423	3.5	1.326
0	0.102	4.2	0.102
0	0.611154	3.9	0.612
0	6.1171	2.9	6.12
0	0	2.1	0
0	0	-2.9	0
0	0	-3.3	12.1
0	0	-2	18.5
0	3.024	0.6	1.224
0	0	-3.6	1.7
0	0	-1.5	0
0	0	-5.1	0
0	0	-10.1	0
0	0	-11.7	0
0	0	-9.1	0
0	0	-7.2	0
0	0	-0.7	8
0	1.05212	2.3	0.51
0	1.45315	2.1	0.102
0	1.87423	1.7	1.836
0	6.12964	2.3	5.61
0	10.818	3.3	0.918
0	5.44	3.9	2.04
0	1.122	4.7	1.122
0	8.568	6.4	8.568
0	4.284	7.1	4.284
0	0.102	6.3	0.102
0	6.63	3.1	6.63
0	4.692	6.7	4.692
0	0.306	7.9	0.306
0	0	7.7	0
0	0	6.9	0
0	0	6.6	0
0	0	6.4	0
0	0	6.7	0
0	0	4.7	0
0	0.204	4.5	0.204
0	1.326	1.7	1.326
0	0	2.1	0
0	0.102	2.3	0.102
0	0	1.9	0
0	3.16799	0.1	3.366
0	0	-0.5	12.9
0	0	0	7
0	1.11952	0.9	0
0	1.2233	0.8	0
0	2.7931	1.1	0
0	2.7	0.9	0
0	0	-0.5	0
0	2.61	0.7	0.51
0	2.904	0.9	0.204
0	4	1.9	0
0	0	-2.4	15.9
0	0	-1.9	3.5
0	0	-1.1	0.9
0	0	-0.9	7.1
0	2.79262	0.3	8.67
0	9.31568	2.5	2.652
0	43.128	3.7	32.028
0	10.756	2.7	2.856
0	1.02	2.3	1.02
0	0	1.9	0
0	0.204	3.8	0.204
0	1.428	6.3	1.428
0	4.08	5.5	4.08
0	2.652	4.3	2.652
0	3.57	0.5	3.57
0	0.204	0.9	0.204
0	0	-1.5	2
0	2	1.2	0
0	1.836	3.8	1.836
0	5.304	3.8	5.304
0	0	2.5	0
0	0	-0.4	0.1
0	0.1	2.5	0
0	0	3	0
0	0	5.8	0
0	0	5.5	0
0	0	5.9	0
0	0.204	7.9	0.204
0	0	3.7	0
0	0	5.1	0
0	0.102	6	0.102
0	0.612	6.3	0.612
0	1.326	2.3	1.326
0.0784805	0	4.5	0
0.225171	0	3.7	0
0	11.016	2.1	11.016
0	1.53	0.5	1.53
0	0	-0.6	0.2
0	0.302	0.5	0.102
0	0	0.9	0
0	8.976	1.8	8.976
0	0.204	1.3	0.204
0	0.204	2.7	0.204
0	0	2.5	0
0	1.122	2.5	1.122
0	0.102	2.7	0.102
0	0.204	2	0.204
0	0	3.1	0
0	0	3.7	0
0	0.612	3.1	0.612
0	0.102	2.1	0.102
0	0.51	1.7	0.51
0	0	4.9	0
0	0	3.5	0
0	0	1.8	0
0	0.102	4.1	0.102
0.00472743	0	2.5	0
0.256134	0	3.3	0
0.784657	0	5.7	0
1.24101	0	4.9	0
1.72923	0	5.1	0
1.88761	0	1.9	0
2.32789	0	4.5	0
2.94045	0	6.1	0
4.04023	0.102	10.9	0.102
4.34818	0.730304	9.3	4.488
3.69718	2.16723	5.1	4.692
2.92516	0.408	2.2	0.408
2.4808	0	3.4	0
2.08981	1.41779	4.8	1.836
2.1721	0.102	7.7	0.102
2.03514	0.913037	10	4.386
1.13459	1.19528	9.1	6.528
0.0497642	2.24327	6.3	2.652
0	0.102	9.5	0.102
0	1.40169	8.8	6.12
0	1.51068	8.3	3.264
0	7.23588	9.3	9.894
0	2.754	7.7	2.754
0	0.102	8.9	0.102
0	0.612	8.9	0.612
0	0.918	10.7	0.918
0	0.306	9.2	0.306
0	0.102	7.3	0.102
0	1.35205	7.7	3.876
0	13.4419	5.5	23.868
0	13.158	3.3	13.158
0	0	4.6	0
0	0.816	5.5	0.816
0	0	4.6	0
0	0.816	5.1	0.816
0	0	5.1	0
0	0	7.5	0
0	0.102	7.2	0.102
0	0	5.7	0
0	3.66913	6.2	3.672
0	2.856	4.5	2.856
0	0.306	7.7	0.306
0	0	9.5	0
0	0.204	10.3	0.204
0	0.51	7.9	0.51
0	1.42756	4.5	1.428
0	0.102	4.5	0.102
0	2.61042	4.2	4.794
0	1.122	7.9	1.122
0	0.102	7.6	0.102
0	0.408	7.5	0.408
0	0.899647	8.3	1.53
0	1.31468	10.1	2.958
0	1.122	9.4	1.122
0	0.306	9.9	0.306
0	3.00916	8.9	12.138
0	0.204	10.5	0.204
0	3.2592	8.5	3.774
0	2.448	13.7	2.448
0	2.55	13.4	2.55
0	0.714	11.7	0.714
0	0	11.1	0
0	0.408	10	0.408
0	0.714	8.9	0.714
0	0.918	12.1	0.918
0	0.714	12.5	0.714
0.789431	1.02	15.8	1.02
1.81497	0	15.7	0
2.84912	0	14.7	0
2.73343	5.01809	12.3	7.14
2.9409	0.612	13.5	0.612
2.90397	3.264	13.2	3.264
3.01263	0	11.9	0
3.33532	0	11.8	0
3.99127	0	13.3	0
4.94782	0	14.9	0
6.06568	0	15.5	0
7.31762	0	16.1	0
8.22298	0	12.1	0
9.19543	0	12.3	0
9.89041	0	9.1	0
10.5392	0	8.3	0
11.5773	0	12.1	0
12.7209	0	13.1	0
14.1296	0	15.9	0
15.1288	0.695674	14.9	2.244
16.1356	0.102	14.5	0.102
16.3275	1.92494	12.9	5.202
16.8034	0.306	14.4	0.306
17.3	0	12.9	0
17.9378	0	13.1	0
17.5462	0.853996	12	7.446
16.4664	1.18281	12.5	7.446
14.9455	6.65518	13.2	6.936
13.5411	2.346	11.9	2.346
12.6709	0	12.1	0
12.2244	0.102	12.4	0.102
12.2572	0	14	0
12.3892	0.102	12.5	0.102
12.9926	0	15.3	0
13.8459	0	16.3	0
14.8161	0.816	17.5	0.816
15.8323	0	16.8	0
16.8515	0	15.9	0
17.8284	0	14.7	0
18.6971	0	12.9	0
19.5457	0	12.2	0
20.7614	0	16.1	0
21.9304	0	15.4	0
23.2239	0	16.8	0
24.5239	0	16.9	0
25.4268	0.530382	16.4	2.55
26.4396	0.102	17.1	0.102
26.9234	2.04985	17.9	4.692
27.2984	0	14.3	0
27.7375	0	13.3	0
28.6152	0	17.5	0
29.2184	0	12.9	0
29.7984	1.30609	15.4	2.04
30.3421	0	13.5	0
31.0836	0	15	0
31.6062	0.918	12.9	0.918
32.2227	0.204	13.5	0.204
32.8967	0	13.4	0
33.699	0	14.5	0
34.536	0	14.5	0
35.5376	0	16.5	0
34.3927	1.9226	14.9	14.892
33.7575	0	15.7	0
33.1021	0.791108	13	1.326
32.7578	0.755945	16.1	1.734
31.1365	6.15224	16.5	11.73
29.8945	0.204	14.1	0.204
29.2957	0	16.3	0
28.9709	0	15	0
28.9348	0	14.9	0
29.163	0	15.3	0
29.7113	0	17.1	0
30.2924	0	15.7	0
31.2375	0	19.1	0
32.2147	0.102	18.7	0.102
31.2558	1.11648	19.3	14.892
29.931	1.18415	16.3	4.59
27.9311	2.22377	14.9	7.956
26.6333	0.408	16.2	0.408
24.9541	1.81099	14.8	5.814
23.7435	0.612	14.3	0.612
22.0733	3.05705	12.7	5.916
20.7226	2.142	13.3	2.142
19.9346	0	13.9	0
19.551	0	13.9	0
19.3304	0	12.1	0
19.3471	0	11.9	0
18.9666	3.44324	12.3	4.59
19.4053	0	18.3	0
19.8325	0.102	15.8	0.102
20.4161	0.102	15.7	0.102
20.9021	0	12.9	0
21.605	0	14.1	0
22.2098	0	11.9	0
22.8599	0	11.6	0
23.5561	0	11.5	0
24.3401	0.612	13.1	0.612
25.1396	0.102	12.9	0.102
25.7842	0	10.5	0
26.4603	0	10.5	0
27.1596	0	10.5	0
27.9692	0	11.7	0
28.8037	0	11.9	0
29.5827	0	11.1	0
30.4176	0	11.8	0
31.2446	0	11.7	0
32.07	0.0637946	11.9	0.102
32.8667	0.224907	12.3	0.408
33.5213	0	10.2	0
34.2759	0	11.5	0
34.9768	0.139162	11.1	0.204
35.8372	0	13.3	0
36.3628	0.158017	11.7	1.632
36.817	0.182475	11.6	0.816
35.8045	1.54299	11.3	10.914
34.9831	0.714	10.2	0.714
34.4181	0.306	10	0.306
34.0609	0	9.3	0
33.7248	0.445878	8.7	1.02
32.125	1.26611	11	11.73
30.7345	0.714	8.5	0.714
29.3089	1.99459	7.8	2.856
28.3694	1.53	11.5	1.53
27.8914	0.204	13	0.204
27.3	0	7.7	0
26.9973	0	8.3	0
26.7763	0	6.9	0
26.0379	0.973895	7.9	5.406
25.7804	0.612	11.5	0.612
25.8309	0	12.4	0
24.3835	1.05782	11.6	11.73
22.4965	1.19494	9.9	5.712
19.8125	1.41517	6.3	7.548
17.5398	1.25939	6.7	2.04
15.2944	1.90707	7.1	4.284
13.8622	0.408	10.1	0.408
12.4406	1.17121	11.8	4.59
11.3061	0.918	10.7	0.918
10.1196	1.53	7.8	1.53
9.73768	0	12	0
8.87761	0.888398	11.7	5.508
7.65948	1.0401	11.5	5.406
5.24238	1.44384	8.7	10.098
2.24867	2.40775	9.7	12.138
0	7.30745	10.7	8.466
0	0	6.1	0
0	0.714	7.1	0.714
0	0.102	11.1	0.102
0	1.16252	10.7	1.224
0	1.68222	11.5	5.304
0	2.13333	10.9	9.18
0	2.14369	8.9	3.264
0	5.41587	7.7	13.872
0	9.792	6.4	9.792
0	0	2.2	0
0	2.55	2.9	2.55
0	0	1.9	0
0	0	0.2	0
0	14.3317	1.7	17.85
0	0.918	3.5	0.918
0	4.692	3.5	4.692
0	0.102	5.7	0.102
0	0.918	8.4	0.918
0	6.12	7.3	6.12
0	0	3.3	0
0	0	-0.9	0
0	0	-2.4	16.5
0	0	-1.3	0
0	3.94832	0.7	2.958
0	1.602	0.5	0.102
0	2.1	0.7	0
0	0	-0.4	8.8
0	4.8911	1.3	6.936
0	4.5	1.5	0
0	0	-1.4	0
0	0	-1.9	4.4
0	6.08564	2.3	1.224
0	8.87625	5.5	0.204
0	3.57	4.3	3.57
0	2.04	4.8	2.04
0	63.1346	1.7	63.138
0	0.204	2.3	0.204
0	0	-0.1	0
0	0	-2.6	0
0	0	-0.3	0
0	0.204	3.7	0.204
0	0.102	5.7	0.102
0	0	4.1	0
0	0.204	3.9	0.204
0	0.714	2.5	0.714
0	0.204	1.2	0.204
0	0.306	2.1	0.306
0	0	5.3	0
0	0	3.3	0
0	3.57	2.3	3.57
0	28.968	2.1	28.968
0	0.714	2.3	0.714
0	0	2.2	0
0	0	1.9	0
0	0.816	0.1	0.816
0	0.102	1	0.102
0	0	-0.3	0
0	0.408	0.1	0.408
0	0	-0.3	1
0	2.938	0.6	1.938
0	0.612	1.9	0.612
0	1.938	1.5	1.938
0	7.242	2.9	7.242
0	5.712	0.4	5.712
0	0	-0.3	0
0	3.672	0.1	3.672
0	1.224	0.1	1.224
0	0.306	0.4	0.306
0	0.612	0.7	0.612
0	0.51	0.9	0.51
0	0	0.1	0
0	0.918	0.3	0.918
0	0	1.2	0
0	0	-0.6	0
0	3.774	3.5	3.774
0	0.51	4.5	0.51
0	0	8.3	0
0	0	6.4	0
0	0	6.7	0
0	0	3	0
0	0.408	3	0.408
0	0.612	3.7	0.612
0	0.306	2.5	0.306
0	0	2	0
0	0	-0.1	0
0	0	-1.6	0
0	0	-0.3	0.2
0	1.016	1.9	0.816
0	0.612	2.8	0.612
0	0.408	3.5	0.408
0.0179548	0.306	4.5	0.306
0.124169	0	3	0
0	0	-0.8	0
0.039275	0	1.8	0
0	0	-1.4	0
0.00708966	0	1.2	0
0.401462	0.204	4.6	0.204
0	2.98213	3.4	8.466
0	0.408	4.6	0.408
0	0.204	2	0.204
0	1.83585	3.5	1.836
0	0	4.7	0
0	1.0916	5.7	2.448
0	2.278	6.8	17.544
0	4.97055	5.9	10.2
0	4.488	3.5	4.488
0	4.692	6.1	4.692
0	0.918	5.6	0.918
0	0.306	3.3	0.306
0	1.836	3.5	1.836
0	3.53615	4.3	16.422
0	20.5911	6.2	24.99
0	4.59	3.9	4.59
0	23.97	4.4	23.97
0	22.746	4.5	22.746
0	0	6.3	0
0	6.018	6.5	6.018
0	10.914	7.1	10.914
0	14.178	5	14.178
0	0.816	5.1	0.816
0	4.182	1.9	4.182
0	6.018	4.2	6.018
0	5.508	6.3	5.508
0	14.076	6.2	14.076
0	4.08	4.7	4.08
0	0	4.4	0
0	0.102	3.9	0.102
0	0.306	3.4	0.306
0	0.102	3.6	0.102
0	0.612	5.5	0.612
0	0	5.1	0
0	0.204	5.4	0.204
0	0	6.1	0
0	0	6.8	0
0	0	6.7	0
0	0.714	7.8	0.714
0	0	9.6	0
0	1.836	11	1.836
0	0.204	10.5	0.204
0	1.326	9.2	1.326
0	4.08	7.6	4.08
0	0.306	7.6	0.306
0	0	6.9	0
0	0	3.4	0
0	3.978	4.8	3.978
0	3.876	7	3.876
0	0.714	7.4	0.714
0	0.408	7.6	0.408
0	4.692	9.8	4.692
0	2.346	6.6	2.346
0	0.102	6.4	0.102
0	0	8	0
0	0	7.8	0
0	0	9.6	0
0	0	9.2	0
0.433439	1.326	9.5	1.326
0.571215	0.204	5.9	0.204
0.314457	2.04	3.8	2.04
0.454139	1.734	8.6	1.734
0.706241	0.204	8.5	0.204
1.17358	0	9.3	0
1.84899	0	10.3	0
2.40999	0	8.5	0
3.22148	0	10.3	0
3.85879	0	8.2	0
4.40925	0	7	0
5.05135	0	7.6	0
6.18049	0.102	12.3	0.102
7.01714	0	9.3	0
7.63568	0	7	0
8.39417	0	8.3	0
8.96587	1.40042	9.5	2.244
9.17863	0.102	5.3	0.102
9.42858	1.36899	7.1	1.428
9.48762	1.224	6	1.224
9.60219	0	5.5	0
9.44545	2.55	5.5	2.55
9.89612	0	10.3	0
10.1216	0	6.9	0
10.4432	0	7	0
10.1754	4.30294	8.1	5.508
10.4501	0.204	11.8	0.204
10.8644	0	11.5	0
11.4784	0	12.2	0
12.3565	0	13.9	0
13.3376	0	14.2	0
12.7794	1.10881	10.7	9.18
10.9473	1.69572	11.6	12.138
8.03832	1.86896	4.7	7.242
5.17405	1.77268	3	3.366
2.08823	3.02232	4.4	7.242
0	0.714	5.1	0.714
0	1.85591	4.4	3.06
0	1.96751	7	3.876
0	2.16362	6.3	4.794
0	4.24924	8.2	4.998
0	2.346	8.9	2.346
0	0	10.7	0
0	2.03769	9.8	3.774
0	17.1682	7.7	20.502
0	1.02	9.6	1.02
0	4.386	9.5	4.386
0	9.588	10.9	9.588
0	3.06	8.5	3.06
0	0.204	8	0.204
0	0	7.1	0
0	0	5.2	0
0	0	7.4	0
0	1.53	11	1.53
0	0	15	0
0	0	12.9	0
0	0	13.4	0
0	0	17.2	0
0.591611	0	17	0
1.56657	0	12.8	0
2.62923	0	13	0
3.13057	0.612	8	0.612
4.15275	0	12.4	0
5.43072	0	14.5	0
5.65123	1.00661	14.1	7.548
6.07355	1.45021	15.8	1.53
6.61035	1.938	17.3	1.938
7.06048	0.102	14.3	0.102
7.3482	0	10.8	0
7.79535	0.900602	15.9	3.672
2.92026	3.00391	11.2	36.72
0	4.244	12.7	9.282
0	13.1424	13.1	13.362
0	0.204	9.8	0.204
0	4.488	10.4	4.488
0	0.204	11.7	0.204
0	0.408	12.9	0.408
0	1.224	12	1.224
0	8.84446	13.2	10.098
0	3.672	11.2	3.672
0	0.714	12.9	0.714
0	2.55	11.1	2.55
0	0	12.4	0
0	0	12.1	0
0	2.98485	10.3	3.264
0	0.714	9.5	0.714
0	1.94682	9.6	5.61
0	3.67688	10.3	4.692
0	0.204	12.4	0.204
0	8.47578	9.3	16.932
0	2.856	9.5	2.856
0	13.566	11.3	13.566
0	1.938	12.3	1.938
0	0	12.7	0
0	0	15.2	0
0	0	16.4	0
0	0	17.6	0
0	0	18.9	0
0	0	17.9	0
0	0	17.7	0
0.539344	0	16.8	0
0.927016	4.61807	17.8	7.038
0.724847	4.998	15.8	4.998
0.657763	0	13.3	0
0.955711	0.102	14.3	0.102
1.73225	0	16.6	0
2.43365	0	14.1	0
3.51399	0	16.3	0
4.56494	0	15	0
5.85288	0	16.5	0
7.26854	0	17.2	0
8.53246	0	15.3	0
8.80737	1.06356	17.6	9.078
8.19343	2.96652	15.8	7.242
8.04118	0	16	0
7.6974	2.16342	13.7	2.244
7.7377	1.53	16.2	1.53
8.13741	0.306	17.1	0.306
8.35599	1.836	15.3	1.836
8.29582	2.856	13.9	2.856
8.47029	1.02	14.8	1.02
9.09562	0	16.8	0
9.60927	0	13.7	0
10.4544	0	15.5	0
11.2138	0	13.4	0
12.1625	0	14.4	0
13.5009	0	17.8	0
14.9175	0	18.2	0
15.8923	1.7379	19.2	4.08
16.8109	0	17.1	0
18.1675	0	20.8	0
19.2892	1.01093	19.1	1.122
20.6884	0	21.3	0
19.7417	4.841	17.9	15.402
19.385	0	18.8	0
19.3765	0	18.2	0
19.61	0.918	18.8	0.918
19.9797	0.612	18.2	0.612
20.4943	0	17.2	0
21.5591	0	21.5	0
22.2615	0.652333	19.5	2.346
22.4892	1.45874	17.8	3.672
22.7193	0	14.9	0
22.5012	0.806856	13.4	3.774
22.4075	0.760298	13.7	1.224
22.5041	0.728857	15.2	1.326
22.6998	0.664688	14.8	0.714
21.8262	1.89803	13.7	8.568
21.1392	0.102	11.2	0.102
20.5138	1.73916	12.8	2.958
20.393	0	14.6	0
19.866	0.872898	12.1	3.366
19.4045	0.892959	13.4	2.652
18.1454	1.14778	11	6.63
16.7825	1.35971	15.1	6.732
14.9153	3.58639	12.7	6.12
13.607	0.408	12.6	0.408
12.3516	2.958	12.1	2.958
11.8406	0.102	14.9	0.102
11.738	0	15.1	0
11.8175	0	13.8	0
11.9876	0	12.2	0
12.2207	0.583175	12.9	1.428
12.123	0.744224	10.2	1.938
12.0669	0.408	9	0.408
12.1369	0.582515	11.4	2.04
12.1284	0.920977	14.4	4.08
11.2798	5.64786	11	5.712
11.1255	0	14.2	0
10.7252	0	8.5	0
10.4349	0	7.1	0
10.5235	0	9	0
10.8906	0	10.3	0
11.4152	0	10.7	0
11.9469	0	9.8	0
12.6651	0	11	0
13.494	0	11.6	0
14.2149	0	10	0
15.1153	0	11.6	0
15.9844	0.51	11.8	0.51
17.053	0	13.7	0
17.9287	0.102	11.5	0.102
18.8921	0	12.3	0
19.7874	0	11.4	0
20.8013	0	12.7	0
21.9848	0	14.7	0
23.1139	0.101852	14.3	0.102
23.7679	0.280842	13.2	2.754
24.24	0.272283	10.9	0.51
24.2233	0.473872	10.7	3.978
22.1394	3.21671	10	15.81
20.4586	1.428	10	1.428
19.1219	0.204	8.3	0.204
17.8566	0.102	4.5	0.102
17.0616	0	6	0
15.5048	0.906214	4	6.12
13.4463	3.79382	7.4	8.67
11.9048	2.652	10.8	2.652
11.0116	0.714	13.1	0.714
10.6536	0.204	14.4	0.204
10.0826	0.714	9.6	0.714
9.46461	0	6	0
9.12839	0	6.4	0
8.70179	0	3.5	0
8.43979	0	3.6	0
8.35045	0	4.1	0
8.47731	0	5.3	0
8.60334	0	4.5	0
9.06521	0	7.3	0
9.16509	0	3.1	0
9.0964	0.102	1.1	0.102
9.19883	0	2.5	0
10.1049	0	10.5	0
10.9012	0.194302	10.7	1.02
11.5773	0.102	9.2	0.102
12.1354	0.146886	8.2	0.408
12.3643	0.213077	6.4	1.428
11.4347	1.09542	7.6	9.69
10.9709	0.306	9.4	0.306
9.80805	0.795927	5.9	4.59
7.52119	1.19601	3.3	8.772
5.61084	1.51164	3.9	1.53
4.33434	0.408	5.4	0.408
3.21199	2.99546	7.3	4.182
2.3371	0.204	4.8	0.204
1.90542	0	5.4	0
1.70889	0.51	5.7	0.51
1.93446	0.562184	8.9	0.612
2.09756	0.739846	11	3.162
1.30773	1.26086	11.3	9.588
0.428317	1.38471	10.9	4.488
0	1.59628	8.1	5.712
0	3.6441	8.5	8.67
0	2.04	4.6	2.04
0	0	3.7	0
0	1.95386	5	4.896
0	1.99257	6.1	3.366
0	2.07845	6.5	4.182
0	3.88947	7.3	7.038
0	0.612	7.8	0.612
0	8.2563	7	10.506
0	3.468	7.1	3.468
0	0.204	4.4	0.204
0	0	-0.8	0.2
0	0	-0.2	3.4
0	3.91304	1.7	0.918
0	0.102	1.8	0.102
0	3.7072	6.1	5.1
0	0.102	7.7	0.102
0	2.14862	9.3	8.466
0	2.47236	8.5	7.752
0	3.10411	7.5	11.934
0	13.5133	8	15.81
0	1.734	4.5	1.734
0	4.08	3.6	4.08
0	7.65	4.4	7.65
0	0.204	2.3	0.204
0	0.612	2.7	0.612
0	0	2.9	0
0	0.408	4	0.408
0	3.80765	4	16.728
0	12.7408	5.9	12.852
0	0.204	5.9	0.204
0	0.714	6.5	0.714
0	1.02	2.3	1.02
0	3.16167	5.1	3.366
0	12.6031	6.2	13.362
0	10.914	4.7	10.914
0	0.102	5.3	0.102
0	0.306	5.2	0.306
0	0	3.7	0
0	0.306	2.4	0.306
0	2.55	3.9	2.55
0	0.102	4.7	0.102
0	3.52543	4	9.792
0	12.1139	4.5	13.26
0	7.854	5.3	7.854
0	7.446	1.4	7.446
0	0	1.5	0
0	7.242	2.1	7.242
0	1.428	2.3	1.428
0	9.996	5.4	9.996
0	0.612	5.7	0.612
0	0	10.6	0
0	0.918	7.3	0.918
0	0.408	7.6	0.408
0	17.442	5.1	17.442
0	1.02	4.4	1.02
0	0.408	4	0.408
0	0.918	3.9	0.918
0	3.978	4.3	3.978
0	9.894	4	9.894
0	0	-0.3	0.8
0	0	-0.8	0.6
0	2.828	3.3	1.428
0	8.772	4.9	8.772
0	3.57	7	3.57
0	0.204	4.4	0.204
0	0.102	2.6	0.102
0	0	1.5	0
0	0	-0.4	0
0	0	-0.2	0
0	0	2.1	0
0	1.326	2.8	1.326
0	1.53	3	1.53
0	0.102	3.3	0.102
0	0	2.5	0
0	0.612	1.6	0.612
0	1.224	4.5	1.224
0	0.102	6	0.102
0	2.92679	6.8	3.978
0	0.51	4.4	0.51
0	0.714	5.8	0.714
0	2.15799	8.5	3.162
0	3.80837	7.3	3.876
0	3.978	10	3.978
0	0.102	10.4	0.102
0	2.754	10.8	2.754
0	0.204	9.5	0.204
0	1.734	9.8	1.734
0	0.204	9.2	0.204
0	0	7.6	0
0	0	7.7	0
0.0771056	0	8.9	0
0	4.45526	9.8	6.324
0	1.632	5.8	1.632
0	0.714	5.8	0.714
0	0.102	7.4	0.102
0	0	10.4	0
0	0	6.5	0
0.172329	0.713961	7.4	0.714
0	2.3447	5.9	6.732
0	0.102	2.8	0.102
0	2.468	1.8	4.59
0	3.97779	4.9	3.978
0	0.51	6.4	0.51
0	0	3.5	0
0	0.612	2.7	0.612
0	11.5468	1.8	12.24
0	3.366	4.7	3.366
0	0	4.4	0
0	0.612	1	0.612
0	8.058	2.8	8.058
0	0	5.4	0
0	2.652	3.5	2.652
0	0	6	0
0	0	9.7	0
0	0.204	9	0.204
0	0.306	8.9	0.306
0	0	9.5	0
0	0	7.9	0
0	0.102	5.6	0.102
0	0	8.6	0
0.159461	0	7.6	0
0.557018	0	5.9	0
0.893572	0.917705	6.1	0.918
1.46155	0	7.7	0
1.72483	0.700798	7.2	2.142
2.01893	2.23807	10.3	2.856
2.33052	0	9	0
2.95547	0	10.8	0
1.62577	2.85623	10.1	14.28
0.790519	0.408	10.7	0.408
0.246489	0.714	9.8	0.714
0	1.20892	5.9	1.734
0	2.31161	5.3	16.422
0	2.72274	7.2	3.468
0	4.182	7.1	4.182
0	0.306	7.9	0.306
0	3.12129	7	3.876
0	2.85552	7.2	2.856
0	8.568	6.5	8.568
0	3.876	3.1	3.876
0	0.714	2.4	0.714
0	1.326	3.6	1.326
0	0.918	2.8	0.918
0	0.102	2.4	0.102
0	0.102	1.5	0.102
0	1.92135	2.1	2.958
0	7.20955	1.5	12.24
0	0	5.4	0
0	0	6.7	0
0	2.19243	5.4	3.672
0	2.15975	7.2	2.856
0	2.43178	7.7	3.774
0	8.84248	11.5	9.996
0	2.346	11.7	2.346
0	1.734	9.7	1.734
0	6.426	9.2	6.426
0	1.02	9	1.02
0	0.102	8	0.102
0	0.816	6.6	0.816
0	6.324	7.5	6.324
0	0.102	8	0.102
0	0	6.7	0
0	0	9.5	0
0	0	8.9	0
0	0	11.6	0
0	2.32266	8.6	2.448
0	3.56933	9.3	3.57
0	2.244	10.8	2.244
0	0	10.1	0
0	0	12.7	0
0.148725	0	11.1	0
0	5.712	8.1	5.712
0	0.204	10.5	0.204
0.343165	0.102	12.3	0.102
1.37603	0	16.3	0
2.51838	0	16.1	0
3.62688	0	14.9	0
4.78657	0	14.7	0
5.99969	0	14.7	0
7.25102	0	14.7	0
8.21669	0.816	12.7	0.816
9.15522	0.102	12.1	0.102
9.89763	0	9.7	0
11.0209	0	13.3	0
12.227	0	14	0
13.234	0.48087	13	0.816
13.5677	0.60168	9.1	2.448
12.6023	1.09606	7.6	9.078
9.75436	1.98144	9.3	17.238
4.15205	3.60261	9.6	25.704
0	4.93101	9	5.814
0	5.61	8.7	5.61
0	0.408	8.2	0.408
0	8.466	7.8	8.466
0	0.102	9	0.102
0	0	10.9	0
0	3.3637	12.5	3.366
0	3.57	11.4	3.57
0	0	15	0
0	4.75966	11.9	10.71
0	0.51	13.1	0.51
0	8.18918	13.1	11.22
0	0.714	8.6	0.714
0	0.102	8.9	0.102
0	8.7048	8	8.976
0	9.18	9.1	9.18
0	1.02	10.6	1.02
0	0.204	11.7	0.204
0	0	11.7	0
0	0.51	10.7	0.51
0	0	16.3	0
0	0	17.7	0
0	0	17.1	0
0	1.6907	13.6	2.652
0	1.122	15.1	1.122
0.54294	0.204	16.1	0.204
0.881686	1.02538	14.7	3.978
0.149049	2.93766	12.7	8.568
0	10.71	12	10.71
0	0	13	0
0	0	12.9	0
0	0	12.5	0
0	0.102	10.4	0.102
0	0	14	0
0	0	16.1	0
0.934492	0.51	17	0.51
1.93778	0	15.1	0
2.75155	0	12.3	0
3.65727	0.102	12.5	0.102
4.55489	1.16499	13.4	1.224
5.81419	0	16.1	0
6.08673	0.805974	12.2	4.692
5.77857	1.07681	12.8	6.018
3.37792	6.11238	14.3	18.666
1.53937	0	12.1	0
0.567895	0.204	13.3	0.204
0.137412	0.306	13.4	0.306
0	2.31536	12.8	5.61
0	0.918	13.3	0.918
0	1.02	12.8	1.02
0	1.68804	12.9	8.262
0	4.21684	15.5	8.568
0	0.408	14.4	0.408
0	5.00064	14.6	5.1
0	0.204	14.6	0.204
0	0.102	13.3	0.102
0	0.714	13.4	0.714
0	1.5981	13.3	6.222
0	1.74717	14	5.1
0	1.76963	14.6	3.57
0	1.78364	14.4	3.468
0	2.48433	13.9	4.386
0	2.754	15.9	2.754
0	0	13.4	0
0	2.61727	14.4	3.264
0	0.408	15.6	0.408
0	1.08817	14.7	1.122
0	1.16672	15.8	2.55
0	1.139	16	2.55
0	4.31114	14.7	6.732
0	0	17.9	0
0	0.102	15.1	0.102
0.307345	0.102	17.6	0.102
0.802165	0.865498	16.6	2.55
1.14952	0.828357	14.6	1.326
1.53973	0.779101	14.1	1.02
1.95703	1.5075	16.3	3.06
2.32054	0.102	13.5	0.102
1.6356	3.36948	13.8	9.282
1.50255	0.204	15.2	0.204
1.51516	0	13.3	0
1.64612	0.306	12.2	0.306
1.32651	2.72342	13.7	6.324
1.39974	0	14	0
1.56409	0	12.3	0
0.189148	5.8525	12.1	14.076
0	0.102	11.1	0.102
0	2.958	11.5	2.958
0	0.102	10.9	0.102
0	0	9.4	0
0	0	12.5	0
0	0	15.7	0
0.865447	0	16.1	0
0.381046	1.14896	13.1	9.996
0	7.84638	13.6	16.422
0	0.102	16.6	0.102
0	1.326	13.3	1.326
0	0.204	14.1	0.204
0	0.102	15.8	0.102
0	0.102	14.7	0.102
0	1.12846	17.3	3.978
0	7.40104	15.6	15.402
0	8.466	14.9	8.466
0	0.408	13.8	0.408
0	0.816	11.3	0.816
0	3.978	7.3	3.978
0	0	8.5	0
0	0.102	11.1	0.102
0	0	11	0
0	0	11.2	0
0	1.224	11.4	1.224
0	0	14.8	0
0	0	14.7	0
1.04308	0	17.1	0
2.27435	0.102	15.8	0.102
3.34241	0	13.6	0
4.1439	0	10.5	0
5.02455	0	10.8	0
6.07342	0	12.1	0
6.98385	0	10.5	0
8.07304	0	12.1	0
9.06013	0.274751	11.4	0.306
9.62513	0.411103	10.1	2.244
8.63198	2.91207	11.1	12.546
8.16929	0.612	13	0.612
7.82026	0	10.6	0
7.55945	0.102	8.8	0.102
6.79072	0.87585	7.8	4.59
5.69547	3.08021	9	5.508
5.10463	0.204	10.2	0.204
4.59327	0.102	7.9	0.102
4.46276	0	9	0
3.44262	1.0126	8.6	7.65
2.53298	1.85362	10.8	3.672
1.95724	0.102	10.2	0.102
0.929089	1.2205	10.1	6.63
0	1.36877	10.5	4.488
0	1.67488	9.3	6.936
0	2.03713	7.3	7.242
0	7.65514	8.9	17.544
0	3.162	5.1	3.162
0	1.122	3.1	1.122
0	0.102	4.8	0.102
0	4.73519	5.6	19.992
0	4.18093	7.7	4.182
0	2.448	13.4	2.448
0	3.48782	9	3.978
0	7.62122	8.3	14.79
0	0.408	7.3	0.408
0	6.08872	6.9	9.384
0	19.686	6.3	19.686
0	3.264	5.5	3.264
0	0.714	6.5	0.714
0	0	5.8	0
0	0	4.2	0
0	0	3.5	0
0	51.0699	1.4	60.18
0	6.12	2.1	6.12
0	2.55	2.3	2.55
0	4.386	3.3	4.386
0	0.306	4.2	0.306
0	2.754	5.4	2.754
0	7.038	9.9	7.038
0	3.774	10.1	3.774
0	2.142	5.4	2.142
0	0.408	5.4	0.408
0	3.264	5.9	3.264
0	3.672	6.1	3.672
0	6.12	6.8	6.12
0	0	3.9	0
0	0	1.6	0
0	0	-2.1	0.4
0	0	-1.3	1.1
0	2.418	1.5	0.918
0	2.04	4.2	2.04
0	3.57	7	3.57
0	1.224	6	1.224
0	2.55	3	2.55
0	0.204	4.5	0.204
0	2.142	5.6	2.142
0	0.612	6.3	0.612
0	11.73	6.1	11.73
0	0.102	6	0.102
0	1.02	2.9	1.02
0	0.306	4.5	0.306
0	0	7.3	0
0	0.102	7.8	0.102
0	0	5.8	0
0	0.306	0.9	0.306
0	0	-3.3	0
0	0	-3	0
0	1.95471	1.3	2.346
0	1.83497	4.2	1.836
0	0.51	4.8	0.51
0	1.87204	7.3	3.06
0	1.02	5.3	1.02
0	1.59462	6.3	3.978
0	6.39928	7.6	9.282
0	2.652	8.3	2.652
0	0.408	6	0.408
0	1.632	7	1.632
0	2.856	9.1	2.856
0	6.222	5.4	6.222
0	0	3.4	0
0	0	0.1	0
0	0	0	0.4
0	1.726	2.2	1.326
0	0.306	2.3	0.306
0	1.42752	5	1.428
0	1.83653	5.2	4.896
0	9.71393	5.1	21.522
0	1.02	1.9	1.02
0	0	0.6	0
0	6.528	3.4	6.528
0	0.612	3.9	0.612
0	0.408	3.6	0.408
0	11.5515	3.9	16.728
0	4.08	5.6	4.08
0	4.998	4.8	4.998
0	5.916	4.6	5.916
0	18.156	5	18.156
0	0.408	4.4	0.408
0	0.306	3.2	0.306
0	1.428	2.4	1.428
0	0	0.3	0
0	0	-2.3	0.1
0	0	-1.7	2.7
0	0	0	0.2
0	4.41806	2.8	1.428
0	15.5984	4.3	15.606
0	15.3	5.3	15.3
0	2.04	2	2.04
0	1.224	2.3	1.224
0	20.196	4.3	20.196
0	1.632	5.6	1.632
0	0.816	5.1	0.816
0	0	3.1	0
0	0	3.1	0
0	3.06	4.3	3.06
0	25.908	3.6	25.908
0	2.958	1.8	2.958
0	0.102	2	0.102
0	1.02	2.4	1.02
0	0.306	4.6	0.306
0	1.734	6	1.734
0	0.102	6.4	0.102
0	0	8.1	0
0	0	4.8	0
0	0	4.9	0
0	1.02	8.4	1.02
0	0.102	8.9	0.102
0	0	5	0
0	0.918	2.8	0.918
0	0	0.3	0
0	0	-1.8	0
0	0	-1.4	0
0	0.102	0.9	0.102
0	0	3.4	0
0	0	4	0
0	0.102	2.9	0.102
0	0.51	4.2	0.51
0.138486	0.306	5.6	0.306
0.311303	0.714	4	0.714
0	1.35428	4.1	4.896
0	2.19151	5.2	2.448
0	0.816	6.7	0.816
0	10.1813	4.5	10.2
0	0.714	3.8	0.714
0	0	2.5	0
0	0.51	2.6	0.51
0	0.204	2.5	0.204
0	0	5.1	0
0	0	6.2	0
0	2.35072	3	6.63
0	11.1216	3.9	11.424
0	4.284	5	4.284
0	7.548	5.3	7.548
0	3.57	4.1	3.57
0	3.264	3.3	3.264
0	0	2.5	0
0	3.06	2.3	3.06
0	0.102	3	0.102
0	1.326	1.9	1.326
0	2.448	3	2.448
0	0	3.7	0
0	0.51	2.7	0.51
0	3.06	5.1	3.06
0	0.102	7.3	0.102
0	0	6.8	0
0	0	7.6	0
0	0	8.8	0
0	1.02	10.6	1.02
0	0	7.3	0
0	0.204	7.3	0.204
0	1.31855	6.5	3.468
0	3.54504	7.1	3.876
0	3.57	4.5	3.57
0	0.714	7.5	0.714
0	0.816	9.3	0.816
0	0	6	0
0	0	5.8	0
0	0	3.6	0
0	5.82947	3	5.916
0	0.204	6.6	0.204
0	0.408	9.8	0.408
0	0.102	6.1	0.102
0	0	11.1	0
0.191925	0	8.3	0
0.89756	0.306	10.5	0.306
1.28497	0.803536	9.3	1.938
1.54316	1.87793	10.7	2.856
1.73351	1.428	10.3	1.428
2.03397	0.102	9.8	0.102
2.57283	0	10.7	0
3.21098	1.40746	12.6	1.53
3.68011	0.102	9.9	0.102
3.32417	0.965954	7.6	4.998
1.70702	1.5145	7.8	10.914
0	1.61307	2.2	3.672
0	4.1958	1.2	4.59
0	3.162	4.4	3.162
0	0	2.5	0
0	0.102	3.7	0.102
0	2.16467	2.7	2.244
0	1.122	4.2	1.122
0	14.8105	5.8	16.524
0	6.222	7.2	6.222
0	3.06	8.9	3.06
0	0	10.5	0
0	0	7.7	0
0	0	9.3	0
0	0	8.8	0
0	0	12.5	0
0	0	12.5	0
0	0	12.6	0
0	0	9.2	0
0	0	7.9	0
0.077384	0	8.3	0
1.26885	0	13.8	0
2.15359	0	10.5	0
2.05912	1.00075	11.3	7.956
1.75863	0.966226	8.8	1.428
1.01966	1.34228	13	8.16
0.328806	1.32241	11.7	2.244
0	1.95479	11.5	11.322
0	2.39233	12	8.364
0	9.61745	12.6	11.73
0	13.464	12.5	13.464
0	3.468	11.2	3.468
0	0.204	11	0.204
0	0.102	11.3	0.102
0	0	9.9	0
0	0	9.1	0
0	0	10.9	0
0	0	11.7	0
0	0.102	12	0.102
0	3.2044	11.1	4.692
0	0.204	8.1	0.204
0	1.48907	10.8	1.53
0	1.22391	10.2	1.224
0	1.326	10.6	1.326
0	0.204	13.2	0.204
0	3.52896	15.9	5.814
0	2.346	11.9	2.346
0	0	13.3	0
0	0	9.2	0
0.1683	0	10.8	0
0.871176	0	12.5	0
0	2.24777	10.7	13.158
0	0.612	10.1	0.612
0	1.58291	11.7	5.1
0	9.90436	9.3	16.116
0	4.59	10.4	4.59
0	0.102	8.2	0.102
0	1.02	10	1.02
0	0	12.3	0
0	0	11.6	0
0	2.04	11.2	2.04
0	1.53	10.8	1.53
0	1.632	12	1.632
0	0	13.8	0
0	0.102	13.3	0.102
0	2.43175	15.6	2.55
0.0490591	0	13.8	0
0.947132	0	15	0
0.937566	2.19885	14.4	7.038
0.868356	0.102	11.1	0.102
0.614189	3.672	11.5	3.672
0.63344	0.102	11.3	0.102
1.06023	0	13.2	0
1.75367	0	13.9	0
2.71436	0	15	0
1.38185	5.32793	15.9	18.054
0.484231	0.714	14	0.714
0	1.53	10.5	1.53
0	0.102	11.4	0.102
0	0	13	0
0.138645	0.102	15	0.102
0.443418	0.877533	12.8	1.734
0.131706	6.84342	15.9	8.874
0.298773	0	16.5	0
0.609156	0.306	15.4	0.306
1.21765	0	16.3	0
1.88983	1.224	16.6	1.224
3.09689	0.102	19.8	0.102
4.43655	0	19.6	0
5.87649	0	19.5	0
7.23521	0	17.9	0
8.58696	0	17.2	0
9.74098	0.918	16	0.918
10.618	0	12.5	0
11.6548	0	13.6	0
12.8765	0.102	15.3	0.102
14.1043	0	15.1	0
14.513	2.11776	12.6	4.386
14.8982	3.366	15.8	3.366
15.4087	0.918	16.3	0.918
15.7942	0	12.9	0
16.4396	0	14.1	0
17.4519	0	16.9	0
18.5364	0	16.8	0
19.2962	0	12.4	0
20.1704	0	13.1	0
21.152	0	13.9	0
21.898	0	10.8	0
23.1615	0	16.7	0
24.4449	0	16.9	0
25.847	0	18.4	0
27.2777	0	18.9	0
28.8014	0	20.3	0
30.2721	0	19.9	0
31.6825	0	19.4	0
32.4612	1.04298	17	3.162
33.479	0.306	19.8	0.306
34.1365	0.204	14.3	0.204
34.6651	0.51	12.6	0.51
35.2089	0	11.9	0
35.7405	0	11	0
36.3734	0	11.9	0
36.5876	0.351254	10.3	2.448
37.1034	0.36761	15.4	1.02
37.1292	0.995919	14.2	3.672
37.2382	0	12.7	0
36.9888	0.597357	12.3	3.468
35.3399	2.33192	10.9	11.016
33.8433	3.468	12.8	3.468
32.8578	0	13	0
32.142	0	11.3	0
31.7695	0	11.7	0
31.4313	0	8.8	0
31.3365	0	9.4	0
31.4086	0.306	10.1	0.306
31.0441	0.659599	12.3	5.304
30.5701	2.47337	16.2	4.794
30.4375	0	16.2	0
30.4455	0	14.5	0
30.1167	2.244	11.3	2.244
30.1268	0.306	13.2	0.306
30.5049	0	15.5	0
31.1221	0	16.7	0
31.9559	0	18.1	0
32.9385	0	19	0
34.1169	0	20.9	0
35.2686	0	20	0
34.908	1.33374	16.2	9.282
34.7151	0	14.3	0
34.0319	2.01467	14.1	5.202
33.5627	0	12.3	0
33.4602	0	13.6	0
33.0234	2.44146	16.1	5.304
32.5182	0.306	11.3	0.306
32.3401	0	12.1	0
32.279	0	10.8	0
32.3794	0	10.7	0
31.6325	0.72088	10.4	6.936
31.1043	0.650535	11.1	1.02
30.6496	0.649274	12	1.938
28.772	1.34189	14.1	13.464
24.0981	4.7062	15	25.296
20.6793	0	15.2	0
17.6255	1.86732	12.8	2.958
13.547	3.28587	13.6	14.28
10.0122	4.284	13.8	4.284
7.46136	0	13.5	0
5.55989	0.102	12.1	0.102
3.18026	1.87284	10.2	7.548
1.35562	2.67493	10.6	3.366
0	5.83449	12.1	7.752
0	3.774	11.8	3.774
0	5.1	8.3	5.1
0	0.816	8.3	0.816
0	1.224	8.4	1.224
0	0	7.6	0
0	0	4.4	0
0	0.204	4.7	0.204
0	0.204	8	0.204
0	0	9.8	0
0	0	12.9	0
0	0.612	14.3	0.612
0	0.102	8.8	0.102
0.36632	0	7.1	0
0.990029	0	9	0
1.62124	0.102	8.6	0.102
2.40911	0	9.6	0
3.27569	0	10	0
4.20001	0	10.3	0
4.46376	0.22147	4.8	0.816
4.71096	0.604764	8.2	2.958
5.00898	0.102	7.7	0.102
3.67471	1.08914	8.9	13.362
2.69463	1.00255	10.3	1.836
2.06085	0.908302	11.5	1.428
0	3.62519	8.6	13.974
0	1.53	10.2	1.53
0	0.204	9.9	0.204
0	3.13802	10.5	3.162
0	0.102	8.8	0.102
0	0.204	8.5	0.204
0	1.20936	11.4	3.162
0	1.39425	9.6	4.896
0	2.43536	10.5	8.466
0	1.122	7.2	1.122
0	1.87352	8.4	4.692
0	10.7019	10.8	13.974
0	19.8806	9.8	19.89
0	2.04	6.9	2.04
0	2.244	6.4	2.244
0	0	8.9	0
0	0	4.7	0
0	0	4.1	0
0	0	4.1	0
0	0.102	7.5	0.102
0	0	8	0
0	0	7.6	0
0	0.306	5.4	0.306
0	0	3.9	0
0	0	2	0
0	0	1.9	0
0	1.32481	3.6	1.326
0	0	3.4	0
0	0	2.1	0
0	0	5.5	0
0	0.617326	7.6	2.04
0	0.663441	9.8	2.244
0	0.696219	8	1.734
0	1.24912	8.1	8.976
0	2.29765	7.8	15.708
0	5.65253	8	15.606
0	1.836	5.9	1.836
0	2.04	6.8	2.04
0	3.44554	6.5	9.078
0	11.9963	5.6	19.686
0	0.306	3.1	0.306
0	0.51	2	0.51
0	4.01532	4	6.222
0	6.76526	4.7	8.976
0	3.876	5.3	3.876
0	19.2222	5.4	19.788
0	9.69	4.3	9.69
0	3.366	2.4	3.366
0	15.504	1.7	15.504
0	3.978	1.8	3.978
0	0	-1.1	0.1
0	0	-2.2	13.2
0	6.402	2.1	0.102
0	13.63	4.6	6.63
0	0	4.9	0
0	0	-1.3	0
0	0	-2.7	0
0	0	-3.2	3.8
0	0	-1.1	2.2
0	11.5034	4.1	5.508
0	14.484	4.6	14.484
0	12.342	5.5	12.342
0	2.652	2.3	2.652
0	0.306	1.3	0.306
0	0	2.8	0
0	0	0.8	0
0	1.326	1.1	1.326
0	2.04	2.3	2.04
0	0.306	4.1	0.306
0	0	5.2	0
0	3.162	5.9	3.162
0	0.306	5.9	0.306
0	11.424	3.5	11.424
0	12.444	5.1	12.444
0	0.918	7	0.918
0	6.12	4.5	6.12
0	3.774	4.9	3.774
0	0.102	3.2	0.102
0	0.816	3.5	0.816
0	11.322	4.5	11.322
0	0	4.3	0
0	0.306	1.1	0.306
0	0	2.2	0
0	0	2.4	0
0	0	3.2	0
0	0	6	0
0	0	6.6	0
0	0	3.8	0
0	0	4	0
0	0.204	3.9	0.204
0	0	2.8	0
0	0.102	2.3	0.102
0	0	3.1	0
0	0	1.9	0
0	0	2.5	0
0	1.11342	3.4	1.938
0	1.53636	7.1	7.14
0	1.62453	6.1	2.652
0	1.94222	6.4	5.916
0	9.17156	6.5	9.486
0	0.408	7.8	0.408
0	1.734	5.1	1.734
0	0.918	7.1	0.918
0	0.204	9.1	0.204
0	0.612	8.3	0.612
0	1.91717	6.3	3.978
0	2.02679	5.5	3.672
0	4.47606	5.8	10.098
0	13.785	4.3	14.178
0	2.448	4	2.448
0	10.2	4.7	10.2
0	11.118	2	11.118
0	1.836	3.1	1.836
0	1.326	2.5	1.326
0	6.324	3.3	6.324
0	1.428	0.2	1.428
0	3.876	0.7	3.876
0	1.836	3.3	1.836
0	0	3.1	0
0	1.632	0.6	1.632
0	0.102	2	0.102
0	0.408	1.9	0.408
0	3.264	3.9	3.264
0	3.468	3.7	3.468
0	0.102	4.4	0.102
0	12.342	6.3	12.342
0	4.794	6.8	4.794
0	0.816	4.5	0.816
0	0.102	4.7	0.102
0	0.816	3.8	0.816
0	5.202	4.3	5.202
0	1.122	3.8	1.122
0	0	1.3	0
0	1.02	3.9	1.02
0	1.734	7.4	1.734
0	2.142	10.8	2.142
0	6.426	12.3	6.426
0	4.284	9.6	4.284
0	0	8.4	0
0	0	9.3	0
0	0.102	7.8	0.102
0	0.204	9.5	0.204
0	0	6.2	0
0	0	5.9	0
0	0	9.8	0
0	0	8.9	0
0.232607	0	5.7	0
0.749524	0	7.1	0
1.67501	0	10.5	0
2.35357	0.612	8.7	0.612
2.71301	0.102	5.4	0.102
1.22958	8.98692	5.3	13.464
0.257521	0.816	6.8	0.816
0	0	4.7	0
0	3.672	4.1	3.672
0	0.204	3.4	0.204
0	0	5.4	0
0	0.102	5.3	0.102
0	0.51	4.7	0.51
0	2.04	6.6	2.04
0	0.408	4.4	0.408
0	4.182	4.6	4.182
0	0.816	2.3	0.816
0	0	2.1	0
0	0	5.3	0
0	0	5.9	0
0	0	4.6	0
0	0	7.5	0
0	0	4.7	0
0	0.769888	4.1	1.836
0	1.43116	4.2	9.792
0	7.85047	3.8	22.644
0	3.57	4	3.57
0	0	5.2	0
0	0.306	2.4	0.306
0	2.6715	3.9	3.06
0	7.81613	2.8	10.302
0	0	6.6	0
0	2.448	9	2.448
0	2.958	11.6	2.958
0	3.978	10.4	3.978
0	0	10.5	0
0	1.326	8.7	1.326
0	12.4101	9.7	16.218
0	13.974	8.2	13.974
0	23.868	7.3	23.868
0	0.204	9.3	0.204
0	0	9.6	0
0	0	9.3	0
0	0.102	11.6	0.102
0	0	10.4	0
0	0	12.3	0
0	0	8.4	0
0	0	7.8	0
0	0	5.7	0
0	0	11.6	0
0	0	14.3	0
0	0	11.8	0
0	0	14.9	0
0.6435	0	10.1	0
1.45313	0	10	0
2.58105	0	12.6	0
3.91232	0	14.3	0
5.37942	0	15.5	0
6.79717	0	15	0
4.96524	3.40991	11.4	20.91
3.4939	1.02	10.3	1.02
2.32078	0.918	9.4	0.918
0.918198	5.45804	10.4	5.814
0	2.55	9.8	2.55
0	0	12.1	0
0	0	10.2	0
0	0.204	10.6	0.204
0	0.102	9.2	0.102
0	1.18357	10.3	3.468
0	7.45057	8.1	11.832
0	0.204	9.3	0.204
0	1.632	7.9	1.632
0	0	10.3	0
0	0.408	8.8	0.408
0	1.836	8.9	1.836
0	0.204	12.8	0.204
0	0	12.6	0
0	7.26753	8.7	17.952
0	0.204	7.4	0.204
0	0.51	8.7	0.51
0	1.53	10.9	1.53
0	1.122	11.5	1.122
0	0.204	11.8	0.204
0	10.6596	8.8	14.076
0	3.672	10.3	3.672
0	0.102	10.6	0.102
0	1.734	13.3	1.734
0	0	13.7	0
0	0	12.7	0
0	0	11.1	0
0	0	14.6	0
0	0	15.4	0
1.20679	0	18.5	0
2.90459	0	20.2	0
4.00105	0.686765	16.1	1.632
4.63889	1.92156	14.8	3.06
4.46954	6.324	13.8	6.324
4.43179	0	12	0
4.70989	0	12.6	0
5.0967	0.204	12	0.204
5.63594	0	11.9	0
6.21089	0	11	0
6.86039	0.408	11.3	0.408
7.69939	0	12.3	0
8.36677	0	9.9	0
9.25803	0.204	11.9	0.204
10.3491	0	13.5	0
11.4781	0	13.6	0
12.4455	0	11.7	0
12.37	2.22776	13	8.568
12.2648	0.102	10.1	0.102
12.3238	0	9.6	0
12.329	0.839671	13.2	4.08
10.47	9.72806	13.9	15.81
9.01922	0.612	12.2	0.612
8.01172	0	11.2	0
7.51615	0	12	0
7.52907	0.102	13.8	0.102
7.80232	0	13.7	0
8.16843	0	12.5	0
8.6832	0	12.3	0
9.37903	0	12.8	0
10.4977	0	16.1	0
11.6278	0	15.5	0
12.9899	0	17.4	0
14.4016	0	17.6	0
15.6667	0	15.8	0
16.9124	0.316303	16.2	0.51
17.6827	0.639463	12.2	1.02
18.5042	0.714	13.3	0.714
19.6371	0	16.2	0
20.8404	0	16.6	0
20.2731	0.966509	14	11.424
19.4585	1.11636	15.1	5.1
18.1258	1.36447	15.6	7.242
16.2928	2.80185	14.3	6.834
15.3627	0	17.1	0
13.1428	6.68436	14.8	11.526
11.7465	0	15.6	0
10.8165	0	14.3	0
10.3953	0	14.7	0
10.7442	0	18.8	0
11.0046	0.102	15.1	0.102
11.2547	0.819453	18.4	4.08
10.6299	2.61799	14.7	5.916
10.7006	0	17.6	0
10.7917	0	14.5	0
9.74069	1.16534	13.4	9.384
8.02274	3.6669	17.1	11.016
7.04468	0.408	18	0.408
6.30928	0	14.8	0
5.17285	1.17879	12.5	4.488
1.00989	2.94947	13.7	29.274
0	4.5059	12.5	9.486
0	12.9536	11.6	14.586
0	6.426	12	6.426
0	3.57	11.2	3.57
0	0	12.6	0
0	0	13.5	0
0	0	15.8	0
0	5.3025	17.1	5.304
0	2.958	16.2	2.958
0	0.51	15.1	0.51
0	0	13.9	0
0	0.102	13.8	0.102
0	1.01996	14.8	1.02
0	1.28365	12.3	1.938
0	4.13694	12.5	13.158
0	1.53	12.8	1.53
0	0	9.7	0
0	2.27339	10.5	10.608
0	3.81813	18	7.344
0	6.426	13.1	6.426
0	0.306	13	0.306
0	0	13.8	0
0	1.02	14.7	1.02
0	15.9973	14.3	40.188
0	4.386	13.7	4.386
0	0.306	13.9	0.306
0	1.326	13.3	1.326
0	2.244	13.4	2.244
0	2.04	12.3	2.04
0	0.204	13.1	0.204
0	5.82906	13.9	9.384
0	0.102	10.5	0.102
0	9.1588	8.6	21.93
0	4.08	10.8	4.08
0	5.304	10.3	5.304
0	1.632	11.8	1.632
0	1.02	16.5	1.02
0	4.386	16.1	4.386
0	0.204	12.8	0.204
0	9.9159	10	10.302
0	4.998	12.5	4.998
0	1.428	8.6	1.428
0	0.51	9.2	0.51
0	0.102	12.6	0.102
0	0	12.4	0
0	1.9369	12.1	1.938
0	1.02	11.5	1.02
0	3.00734	10.9	4.794
0	0.612	8.7	0.612
0	1.78955	6.5	3.06
0	4.10518	9.2	7.548
0	0	7.5	0
0	18.7566	4.6	26.112
0	1.122	7	1.122
0	5.814	4.8	5.814
0	1.122	6.9	1.122
0	1.734	10	1.734
0	0	10.5	0
0	0	9.9	0
0	0	8.9	0
0	2.958	8.5	2.958
0	1.53	9.3	1.53
0	0.408	7.1	0.408
0	1.122	5.7	1.122
0	0	6.3	0
0	1.95558	5.1	7.548
0	2.51263	6.3	9.894
0	17.2174	9.8	19.686
0	0.51	9.7	0.51
0	3.06	8	3.06
0	1.02	9.4	1.02
0	9.69	7.1	9.69
0	0.612	8.4	0.612
0	0.51	4.1	0.51
0	1.02	5.5	1.02
0	1.734	5.5	1.734
0	0	2.7	0
0	0	5.1	0
0	0	4.8	0
0	2.40438	3.7	9.18
0	26.0858	5	42.534
0	18.972	6.1	18.972
0	0.306	5.6	0.306
0	0	6.7	0
0	1.53	4.8	1.53
0	16.422	4.6	16.422
0	2.448	5.1	2.448
0	0.102	5.2	0.102
0	0.204	4.7	0.204
0	6.324	2.8	6.324
0	0.51	3.7	0.51
0	0	3.5	0
0	1.02	3.2	1.02
0	0	5.2	0
0	0.102	1.1	0.102
0	1.734	2.6	1.734
0	2.142	3.5	2.142
0	0.306	3.7	0.306
0	2.03898	2.6	2.04
0	4.28464	4	7.65
0	0.816	5	0.816
0	2.44342	5.2	2.55
0	3.55199	8.3	6.222
0	1.632	9.4	1.632
0	2.77138	6	6.222
0	11.7898	6.7	19.176
0	2.448	8	2.448
0	5.508	7.6	5.508
0	11.118	8	11.118
0	7.446	9.6	7.446
0	1.428	7.5	1.428
0	23.664	7.1	23.664
0	12.24	6.4	12.24
0	5.1	7.1	5.1
0	2.856	7.6	2.856
0	3.978	7.5	3.978
0	17.85	6.4	17.85
0	0.408	5.5	0.408
0	0.102	5.8	0.102
0	0	0.3	0
0	0	-2	0
0	0	-3.3	0
0	0	-1.1	0
0	5.304	0.7	5.304
0	0.204	3.5	0.204
0	0	5.4	0
0	0	4.8	0
0	3.162	4.6	3.162
0	2.346	2.3	2.346
0	0	0.2	0
0	0	-4	0
0	0	-6.3	0
0	0	-4.5	3.8
0	0	-2.1	0
0	0	-1.4	0
0	0	-1.1	13.1
